0.048874225	0.842105263
0.048874225	0.842105263
0.048874225	0.842105263
0.051874225	0.8
0.051874225	0.8
0.051874225	0.8
0.054874225	0.761904762
0.055854142	0.7
0.055854142	0.7
0.055854142	0.7
0.055854142	0.7
0.055870851	0.7
0.055870851	0.7
0.055870851	0.7
0.055870851	0.7
0.055873534	0.761904762
0.055873534	0.7
0.055873534	0.761904762
0.055873534	0.7
0.055873534	0.761904762
0.055873534	0.7
0.055873534	0.761904762
0.055873534	0.7
0.055874225	0.761904762
0.055874225	0.761904762
0.055874225	0.761904762
0.057461945	0.636363636
0.057734214	0.636363636
0.05776912	0.636363636
0.057786443	0.636363636
0.057804374	0.636363636
0.057804655	0.636363636
0.05781226	0.636363636
0.057825339	0.636363636
0.057826702	0.636363636
0.057827362	0.636363636
0.05783401	0.636363636
0.057837266	0.636363636
0.057838907	0.636363636
0.05784964	0.636363636
0.05784964	0.636363636
0.05784964	0.636363636
0.057849743	0.636363636
0.057854142	0.636363636
0.056854142	0.666666667
0.057857228	0.636363636
0.057863013	0.636363636
0.057863529	0.636363636
0.057864089	0.636363636
0.056864089	0.666666667
0.057864089	0.636363636
0.057864089	0.636363636
0.05786751	0.636363636
0.057869514	0.636363636
0.057869514	0.636363636
0.057869514	0.636363636
0.057870851	0.636363636
0.057872724	0.636363636
0.057873534	0.636363636
0.057874225	0.636363636
0.057874225	0.636363636
0.057876254	0.636363636
0.057884592	0.636363636
0.0579583	0.636363636
0.058012274	0.636363636
0.058088015	0.636363636
0.058198181	0.636363636
0.064469098	0.636363636
0.064959209	0.6
0.064959209	0.6
0.064959209	0.6
0.065469098	0.636363636
0.065469098	0.636363636
0.068799815	0.571428571
0.068799815	0.571428571
0.068799815	0.571428571
0.068799815	0.571428571
0.068799815	0.571428571
0.068799815	0.571428571
0.068799815	0.571428571
0.068799815	0.571428571
0.068799815	0.571428571	
