5.494342086
7.916777797
4.159434811
7.004219478
5.62427343
5.926341905
6.49779539
4.774901815
3.588224861
6.157592468
5.481350689
4.114797253
5.068479837
4.35745786
4.519130969
5.732816867
5.200115176
4.981531033
2.594573407
2.387858834
2.036633385
1.697726183
1.511308355
1.842889835
3.082777955
3.199159748
2.299941582
1.935774618
1.959128611
3.027970536
1.878033998
2.706700069
2.021090086
2.159893951
2.496028453
3.010362558
4.726005433
2.457526571
2.749824235
1.564416306
2.373237192
2.2418826
2.144018418
4.314264802
2.24189109
1.624065079
2.172795624
2.303880007
3.052095211
2.484433554
2.645050547
2.690561078
2.730974767
2.495623429
2.869964669
2.368171788
2.459259611
2.165990824
2.833107453
2.646853177
2.495025712
2.07156585
2.264518174
1.714190106
2.317460115
3.043185441
2.686634352
3.205467361
2.003859835
1.796372085
1.890978969
2.86891303
1.760450856
1.875494543
1.904661688
2.413504031
2.213403703
2.747534151
2.000974289
2.441262375
2.066781559
2.894198557
2.292902059
3.747110538
2.062363572
1.86707549
3.312664841
2.141515481
1.609497731
2.540575203
2.140708126
2.698193627
1.729686797
2.240808145
1.942329958
1.81948244
2.558514149
2.073734894
2.777844037
1.984316542