11.34988367
11.06320207
7.781781676
10.793208
10.92818585
10.52165284
9.877682368
8.320128778
8.615151541
6.9293011
9.262941956
9.094674527
7.072988365
10.25394316
10.39371293
9.996908252
9.503501702
8.102455755
8.199460749
6.805023068
8.791527891
8.807128798
6.869004983
10.12493655
10.2639996
9.847703326
9.29531499
7.994151955
8.028009866
6.784730591
10.19100103
10.14225566
10.10592042
10.07378247
9.753698316
9.707867372
9.201688878
9.177826577
8.584932106
8.552625428
8.498517916
8.462788681
7.969961015
7.937836792
7.923294108
7.859156696
6.804615277
6.770273724
6.76632949
6.755495684
7.859156696
6.804615277
6.770273724
6.76632949
6.755495684
6.755495684
6.804615277
6.770273724
6.76632949
6.755495684
7.923294108
7.969961015
7.937836792
6.76632949
7.859156696
8.462788681
7.923294108
7.969961015
7.937836792
6.76632949
7.859156696
7.923294108
7.969961015
7.937836792
6.76632949
7.859156696
6.804615277
6.770273724
6.76632949
6.755495684
6.804615277
6.770273724
6.76632949
6.755495684
6.755495684
6.804615277
6.770273724
6.76632949
6.755495684
6.770273724
6.76632949
6.755495684
6.76632949
6.755495684
6.76632949
6.804615277
6.804615277
6.770273724
6.76632949
6.755495684